State,+,-,*,/,=,<,>,&,|,!,;,",",{,},(,),[,],.,"""",0,1,2,0,1,2,3,4,5,6,7,8,9,_,a,b,c,d,e,f,g,h,i,j,k,l,m,n,o,p,q,r,s,t,u,v,w,x,y,z,A,B,C,D,E,F,G,H,I,J,K,L,M,N,O,P,Q,R,S,T,U,V,W,X,Y,Z," ",\n
0,53,54,55,56,57,58,59,62,63,66,69,"70",71,72,73,74,75,76,82,"83",77,77,77,77,77,77,77,77,77,77,77,77,77,6969,6969,1,12,6969,20,24,6969,6969,31,6969,6969,6969,6969,6969,6969,6969,6969,34,6969,40,6969,44,48,6969,6969,6969,6969,6969,6969,6969,6969,6969,6969,6969,6969,6969,6969,6969,6969,6969,6969,6969,6969,6969,6969,6969,6969,6969,6969,6969,6969,6969,,
1,,,,,,,,,,,,,,,,,,,,,,,,,,,,,,,,,,6969,6969,6969,6969,6969,6969,6969,6969,6969,6969,6969,6969,6969,6969,6969,2,6969,6969,8,6969,6969,6969,6969,6969,6969,6969,6969,6969,6969,6969,6969,6969,6969,6969,6969,6969,6969,6969,6969,6969,6969,6969,6969,6969,6969,6969,6969,6969,6969,6969,6969,6969,6969,,
2,,,,,,,,,,,,,,,,,,,,,,,,,,,,,,,,,,6969,6969,6969,6969,6969,6969,6969,6969,6969,6969,6969,6969,6969,6969,6969,3,6969,6969,6969,6969,6969,6969,6969,6969,6969,6969,6969,6969,6969,6969,6969,6969,6969,6969,6969,6969,6969,6969,6969,6969,6969,6969,6969,6969,6969,6969,6969,6969,6969,6969,6969,6969,6969,,
3,,,,,,,,,,,,,,,,,,,,,,,,,,,,,,,,,,6969,6969,6969,6969,6969,6969,6969,6969,6969,6969,6969,6969,4,6969,6969,6969,6969,6969,6969,6969,6969,6969,6969,6969,6969,6969,6969,6969,6969,6969,6969,6969,6969,6969,6969,6969,6969,6969,6969,6969,6969,6969,6969,6969,6969,6969,6969,6969,6969,6969,6969,6969,6969,,
4,,,,,,,,,,,,,,,,,,,,,,,,,,,,,,,,,,6969,6969,6969,6969,6969,5,6969,6969,6969,6969,6969,6969,6969,6969,6969,6969,6969,6969,6969,6969,6969,6969,6969,6969,6969,6969,6969,6969,6969,6969,6969,6969,6969,6969,6969,6969,6969,6969,6969,6969,6969,6969,6969,6969,6969,6969,6969,6969,6969,6969,6969,6969,6969,,
5,,,,,,,,,,,,,,,,,,,,,,,,,,,,,,,,,,6969,6,6969,6969,6969,6969,6969,6969,6969,6969,6969,6969,6969,6969,6969,6969,6969,6969,6969,6969,6969,6969,6969,6969,6969,6969,6969,6969,6969,6969,6969,6969,6969,6969,6969,6969,6969,6969,6969,6969,6969,6969,6969,6969,6969,6969,6969,6969,6969,6969,6969,6969,6969,,
6,,,,,,,,,,,,,,,,,,,,,,,,,,,,,,,,,,6969,6969,6969,6969,6969,6969,6969,6969,6969,6969,6969,6969,6969,6969,7,6969,6969,6969,6969,6969,6969,6969,6969,6969,6969,6969,6969,6969,6969,6969,6969,6969,6969,6969,6969,6969,6969,6969,6969,6969,6969,6969,6969,6969,6969,6969,6969,6969,6969,6969,6969,6969,6969,,
7,,,,,,,,,,,,,,,,,,,,,,,,,,,,,,,,,,6969,6969,6969,6969,6969,6969,6969,6969,6969,6969,6969,6969,6969,6969,6969,6969,6969,6969,6969,6969,6969,6969,6969,6969,6969,6969,6969,6969,6969,6969,6969,6969,6969,6969,6969,6969,6969,6969,6969,6969,6969,6969,6969,6969,6969,6969,6969,6969,6969,6969,6969,6969,6969,,
8,,,,,,,,,,,,,,,,,,,,,,,,,,,,,,,,,,6969,6969,6969,6969,6969,9,6969,6969,6969,6969,6969,6969,6969,6969,6969,6969,6969,6969,6969,6969,6969,6969,6969,6969,6969,6969,6969,6969,6969,6969,6969,6969,6969,6969,6969,6969,6969,6969,6969,6969,6969,6969,6969,6969,6969,6969,6969,6969,6969,6969,6969,6969,6969,,
9,,,,,,,,,,,,,,,,,,,,,,,,,,,,,,,,,,6969,10,6969,6969,6969,6969,6969,6969,6969,6969,6969,6969,6969,6969,6969,6969,6969,6969,6969,6969,6969,6969,6969,6969,6969,6969,6969,6969,6969,6969,6969,6969,6969,6969,6969,6969,6969,6969,6969,6969,6969,6969,6969,6969,6969,6969,6969,6969,6969,6969,6969,6969,6969,,
10,,,,,,,,,,,,,,,,,,,,,,,,,,,,,,,,,,6969,6969,6969,6969,6969,6969,6969,6969,6969,6969,6969,11,6969,6969,6969,6969,6969,6969,6969,6969,6969,6969,6969,6969,6969,6969,6969,6969,6969,6969,6969,6969,6969,6969,6969,6969,6969,6969,6969,6969,6969,6969,6969,6969,6969,6969,6969,6969,6969,6969,6969,6969,6969,,
11,,,,,,,,,,,,,,,,,,,,,,,,,,,,,,,,,,6969,6969,6969,6969,6969,6969,6969,6969,6969,6969,6969,6969,6969,6969,6969,6969,6969,6969,6969,6969,6969,6969,6969,6969,6969,6969,6969,6969,6969,6969,6969,6969,6969,6969,6969,6969,6969,6969,6969,6969,6969,6969,6969,6969,6969,6969,6969,6969,6969,6969,6969,6969,6969,,
12,,,,,,,,,,,,,,,,,,,,,,,,,,,,,,,,,,6969,6969,6969,6969,6969,6969,6969,6969,6969,6969,6969,6969,6969,6969,6969,13,6969,6969,6969,6969,6969,6969,6969,6969,6969,6969,6969,6969,6969,6969,6969,6969,6969,6969,6969,6969,6969,6969,6969,6969,6969,6969,6969,6969,6969,6969,6969,6969,6969,6969,6969,6969,6969,,
13,,,,,,,,,,,,,,,,,,,,,,,,,,,,,,,,,,6969,6969,6969,6969,6969,6969,6969,6969,6969,6969,6969,6969,6969,6969,14,6969,6969,6969,6969,6969,6969,6969,6969,6969,6969,6969,6969,6969,6969,6969,6969,6969,6969,6969,6969,6969,6969,6969,6969,6969,6969,6969,6969,6969,6969,6969,6969,6969,6969,6969,6969,6969,6969,,
14,,,,,,,,,,,,,,,,,,,,,,,,,,,,,,,,,,6969,6969,6969,6969,6969,6969,6969,6969,6969,6969,6969,6969,6969,6969,6969,6969,6969,6969,6969,6969,15,6969,6969,6969,6969,6969,6969,6969,6969,6969,6969,6969,6969,6969,6969,6969,6969,6969,6969,6969,6969,6969,6969,6969,6969,6969,6969,6969,6969,6969,6969,6969,6969,,
15,,,,,,,,,,,,,,,,,,,,,,,,,,,,,,,,,,6969,6969,6969,6969,6969,6969,6969,6969,6969,16,6969,6969,6969,6969,6969,6969,6969,6969,6969,6969,6969,6969,6969,6969,6969,6969,6969,6969,6969,6969,6969,6969,6969,6969,6969,6969,6969,6969,6969,6969,6969,6969,6969,6969,6969,6969,6969,6969,6969,6969,6969,6969,6969,,
16,,,,,,,,,,,,,,,,,,,,,,,,,,,,,,,,,,6969,6969,6969,6969,6969,6969,6969,6969,6969,6969,6969,6969,6969,6969,17,6969,6969,6969,6969,6969,6969,6969,6969,6969,6969,6969,6969,6969,6969,6969,6969,6969,6969,6969,6969,6969,6969,6969,6969,6969,6969,6969,6969,6969,6969,6969,6969,6969,6969,6969,6969,6969,6969,,
17,,,,,,,,,,,,,,,,,,,,,,,,,,,,,,,,,,6969,6969,6969,6969,6969,6969,6969,6969,6969,6969,6969,6969,6969,6969,6969,6969,6969,6969,6969,6969,6969,18,6969,6969,6969,6969,6969,6969,6969,6969,6969,6969,6969,6969,6969,6969,6969,6969,6969,6969,6969,6969,6969,6969,6969,6969,6969,6969,6969,6969,6969,6969,6969,,
18,,,,,,,,,,,,,,,,,,,,,,,,,,,,,,,,,,6969,6969,6969,6969,6969,19,6969,6969,6969,6969,6969,6969,6969,6969,6969,6969,6969,6969,6969,6969,6969,6969,6969,6969,6969,6969,6969,6969,6969,6969,6969,6969,6969,6969,6969,6969,6969,6969,6969,6969,6969,6969,6969,6969,6969,6969,6969,6969,6969,6969,6969,6969,6969,,
19,,,,,,,,,,,,,,,,,,,,,,,,,,,,,,,,,,6969,6969,6969,6969,6969,6969,6969,6969,6969,6969,6969,6969,6969,6969,6969,6969,6969,6969,6969,6969,6969,6969,6969,6969,6969,6969,6969,6969,6969,6969,6969,6969,6969,6969,6969,6969,6969,6969,6969,6969,6969,6969,6969,6969,6969,6969,6969,6969,6969,6969,6969,6969,6969,,
20,,,,,,,,,,,,,,,,,,,,,,,,,,,,,,,,,,6969,6969,6969,6969,6969,6969,6969,6969,6969,6969,6969,6969,21,6969,6969,6969,6969,6969,6969,6969,6969,6969,6969,6969,6969,6969,6969,6969,6969,6969,6969,6969,6969,6969,6969,6969,6969,6969,6969,6969,6969,6969,6969,6969,6969,6969,6969,6969,6969,6969,6969,6969,6969,,
21,,,,,,,,,,,,,,,,,,,,,,,,,,,,,,,,,,6969,6969,6969,6969,6969,6969,6969,6969,6969,6969,6969,6969,6969,6969,6969,6969,6969,6969,6969,22,6969,6969,6969,6969,6969,6969,6969,6969,6969,6969,6969,6969,6969,6969,6969,6969,6969,6969,6969,6969,6969,6969,6969,6969,6969,6969,6969,6969,6969,6969,6969,6969,6969,,
22,,,,,,,,,,,,,,,,,,,,,,,,,,,,,,,,,,6969,6969,6969,6969,6969,23,6969,6969,6969,6969,6969,6969,6969,6969,6969,6969,6969,6969,6969,6969,6969,6969,6969,6969,6969,6969,6969,6969,6969,6969,6969,6969,6969,6969,6969,6969,6969,6969,6969,6969,6969,6969,6969,6969,6969,6969,6969,6969,6969,6969,6969,6969,6969,,
23,,,,,,,,,,,,,,,,,,,,,,,,,,,,,,,,,,6969,6969,6969,6969,6969,6969,6969,6969,6969,6969,6969,6969,6969,6969,6969,6969,6969,6969,6969,6969,6969,6969,6969,6969,6969,6969,6969,6969,6969,6969,6969,6969,6969,6969,6969,6969,6969,6969,6969,6969,6969,6969,6969,6969,6969,6969,6969,6969,6969,6969,6969,6969,6969,,
24,,,,,,,,,,,,,,,,,,,,,,,,,,,,,,,,,,6969,25,6969,6969,6969,6969,6969,6969,6969,6969,6969,6969,90,6969,6969,29,6969,6969,6969,6969,6969,6969,6969,6969,6969,6969,6969,6969,6969,6969,6969,6969,6969,6969,6969,6969,6969,6969,6969,6969,6969,6969,6969,6969,6969,6969,6969,6969,6969,6969,6969,6969,6969,,
25,,,,,,,,,,,,,,,,,,,,,,,,,,,,,,,,,,6969,6969,6969,6969,6969,6969,6969,6969,6969,6969,6969,6969,26,6969,6969,6969,6969,6969,6969,6969,6969,6969,6969,6969,6969,6969,6969,6969,6969,6969,6969,6969,6969,6969,6969,6969,6969,6969,6969,6969,6969,6969,6969,6969,6969,6969,6969,6969,6969,6969,6969,6969,6969,,
26,,,,,,,,,,,,,,,,,,,,,,,,,,,,,,,,,,6969,6969,6969,6969,6969,6969,6969,6969,6969,6969,6969,6969,6969,6969,6969,6969,6969,6969,6969,27,6969,6969,6969,6969,6969,6969,6969,6969,6969,6969,6969,6969,6969,6969,6969,6969,6969,6969,6969,6969,6969,6969,6969,6969,6969,6969,6969,6969,6969,6969,6969,6969,6969,,
27,,,,,,,,,,,,,,,,,,,,,,,,,,,,,,,,,,6969,6969,6969,6969,6969,28,6969,6969,6969,6969,6969,6969,6969,6969,6969,6969,6969,6969,6969,6969,6969,6969,6969,6969,6969,6969,6969,6969,6969,6969,6969,6969,6969,6969,6969,6969,6969,6969,6969,6969,6969,6969,6969,6969,6969,6969,6969,6969,6969,6969,6969,6969,6969,,
28,,,,,,,,,,,,,,,,,,,,,,,,,,,,,,,,,,6969,6969,6969,6969,6969,6969,6969,6969,6969,6969,6969,6969,6969,6969,6969,6969,6969,6969,6969,6969,6969,6969,6969,6969,6969,6969,6969,6969,6969,6969,6969,6969,6969,6969,6969,6969,6969,6969,6969,6969,6969,6969,6969,6969,6969,6969,6969,6969,6969,6969,6969,6969,6969,,
29,,,,,,,,,,,,,,,,,,,,,,,,,,,,,,,,,,6969,6969,6969,6969,6969,6969,6969,6969,6969,6969,6969,6969,6969,6969,6969,6969,6969,6969,30,6969,6969,6969,6969,6969,6969,6969,6969,6969,6969,6969,6969,6969,6969,6969,6969,6969,6969,6969,6969,6969,6969,6969,6969,6969,6969,6969,6969,6969,6969,6969,6969,6969,6969,,
30,,,,,,,,,,,,,,,,,,,,,,,,,,,,,,,,,,6969,6969,6969,6969,6969,6969,6969,6969,6969,6969,6969,6969,6969,6969,6969,6969,6969,6969,6969,6969,6969,6969,6969,6969,6969,6969,6969,6969,6969,6969,6969,6969,6969,6969,6969,6969,6969,6969,6969,6969,6969,6969,6969,6969,6969,6969,6969,6969,6969,6969,6969,6969,6969,,
31,,,,,,,,,,,,,,,,,,,,,,,,,,,,,,,,,,6969,6969,6969,6969,6969,6969,89,6969,6969,6969,6969,6969,6969,6969,32,6969,6969,6969,6969,6969,6969,6969,6969,6969,6969,6969,6969,6969,6969,6969,6969,6969,6969,6969,6969,6969,6969,6969,6969,6969,6969,6969,6969,6969,6969,6969,6969,6969,6969,6969,6969,6969,6969,,
32,,,,,,,,,,,,,,,,,,,,,,,,,,,,,,,,,,6969,6969,6969,6969,6969,6969,6969,6969,6969,6969,6969,6969,6969,6969,6969,6969,6969,6969,6969,6969,33,6969,6969,6969,6969,6969,6969,6969,6969,6969,6969,6969,6969,6969,6969,6969,6969,6969,6969,6969,6969,6969,6969,6969,6969,6969,6969,6969,6969,6969,6969,6969,6969,,
33,,,,,,,,,,,,,,,,,,,,,,,,,,,,,,,,,,6969,6969,6969,6969,6969,6969,6969,6969,6969,6969,6969,6969,6969,6969,6969,6969,6969,6969,6969,6969,6969,6969,6969,6969,6969,6969,6969,6969,6969,6969,6969,6969,6969,6969,6969,6969,6969,6969,6969,6969,6969,6969,6969,6969,6969,6969,6969,6969,6969,6969,6969,6969,6969,,
34,,,,,,,,,,,,,,,,,,,,,,,,,,,,,,,,,,6969,6969,6969,6969,6969,35,6969,6969,6969,6969,6969,6969,6969,6969,6969,6969,6969,6969,6969,6969,6969,6969,6969,6969,6969,6969,6969,6969,6969,6969,6969,6969,6969,6969,6969,6969,6969,6969,6969,6969,6969,6969,6969,6969,6969,6969,6969,6969,6969,6969,6969,6969,6969,,
35,,,,,,,,,,,,,,,,,,,,,,,,,,,,,,,,,,6969,6969,6969,6969,6969,6969,6969,6969,6969,6969,6969,6969,6969,6969,6969,6969,6969,6969,6969,6969,36,6969,6969,6969,6969,6969,6969,6969,6969,6969,6969,6969,6969,6969,6969,6969,6969,6969,6969,6969,6969,6969,6969,6969,6969,6969,6969,6969,6969,6969,6969,6969,6969,,
36,,,,,,,,,,,,,,,,,,,,,,,,,,,,,,,,,,6969,6969,6969,6969,6969,6969,6969,6969,6969,6969,6969,6969,6969,6969,6969,6969,6969,6969,6969,6969,6969,37,6969,6969,6969,6969,6969,6969,6969,6969,6969,6969,6969,6969,6969,6969,6969,6969,6969,6969,6969,6969,6969,6969,6969,6969,6969,6969,6969,6969,6969,6969,6969,,
37,,,,,,,,,,,,,,,,,,,,,,,,,,,,,,,,,,6969,6969,6969,6969,6969,6969,6969,6969,6969,6969,6969,6969,6969,6969,6969,6969,6969,6969,38,6969,6969,6969,6969,6969,6969,6969,6969,6969,6969,6969,6969,6969,6969,6969,6969,6969,6969,6969,6969,6969,6969,6969,6969,6969,6969,6969,6969,6969,6969,6969,6969,6969,6969,,
38,,,,,,,,,,,,,,,,,,,,,,,,,,,,,,,,,,6969,6969,6969,6969,6969,6969,6969,6969,6969,6969,6969,6969,6969,6969,39,6969,6969,6969,6969,6969,6969,6969,6969,6969,6969,6969,6969,6969,6969,6969,6969,6969,6969,6969,6969,6969,6969,6969,6969,6969,6969,6969,6969,6969,6969,6969,6969,6969,6969,6969,6969,6969,6969,,
39,,,,,,,,,,,,,,,,,,,,,,,,,,,,,,,,,,6969,6969,6969,6969,6969,6969,6969,6969,6969,6969,6969,6969,6969,6969,6969,6969,6969,6969,6969,6969,6969,6969,6969,6969,6969,6969,6969,6969,6969,6969,6969,6969,6969,6969,6969,6969,6969,6969,6969,6969,6969,6969,6969,6969,6969,6969,6969,6969,6969,6969,6969,6969,6969,,
40,,,,,,,,,,,,,,,,,,,,,,,,,,,,,,,,,,6969,6969,6969,6969,6969,6969,6969,6969,6969,6969,6969,6969,6969,6969,6969,6969,6969,6969,41,6969,6969,6969,6969,6969,6969,6969,6969,6969,6969,6969,6969,6969,6969,6969,6969,6969,6969,6969,6969,6969,6969,6969,6969,6969,6969,6969,6969,6969,6969,6969,6969,6969,6969,,
41,,,,,,,,,,,,,,,,,,,,,,,,,,,,,,,,,,6969,6969,6969,6969,6969,6969,6969,6969,6969,6969,6969,6969,6969,6969,6969,6969,6969,6969,6969,6969,6969,42,6969,6969,6969,6969,6969,6969,6969,6969,6969,6969,6969,6969,6969,6969,6969,6969,6969,6969,6969,6969,6969,6969,6969,6969,6969,6969,6969,6969,6969,6969,6969,,
42,,,,,,,,,,,,,,,,,,,,,,,,,,,,,,,,,,6969,6969,6969,6969,6969,43,6969,6969,6969,6969,6969,6969,6969,6969,6969,6969,6969,6969,6969,6969,6969,6969,6969,6969,6969,6969,6969,6969,6969,6969,6969,6969,6969,6969,6969,6969,6969,6969,6969,6969,6969,6969,6969,6969,6969,6969,6969,6969,6969,6969,6969,6969,6969,,
43,,,,,,,,,,,,,,,,,,,,,,,,,,,,,,,,,,6969,6969,6969,6969,6969,6969,6969,6969,6969,6969,6969,6969,6969,6969,6969,6969,6969,6969,6969,6969,6969,6969,6969,6969,6969,6969,6969,6969,6969,6969,6969,6969,6969,6969,6969,6969,6969,6969,6969,6969,6969,6969,6969,6969,6969,6969,6969,6969,6969,6969,6969,6969,6969,,
44,,,,,,,,,,,,,,,,,,,,,,,,,,,,,,,,,,6969,6969,6969,6969,6969,6969,6969,6969,6969,6969,6969,6969,6969,6969,6969,45,6969,6969,6969,6969,6969,6969,6969,6969,6969,6969,6969,6969,6969,6969,6969,6969,6969,6969,6969,6969,6969,6969,6969,6969,6969,6969,6969,6969,6969,6969,6969,6969,6969,6969,6969,6969,6969,,
45,,,,,,,,,,,,,,,,,,,,,,,,,,,,,,,,,,6969,6969,6969,6969,6969,6969,6969,6969,6969,46,6969,6969,6969,6969,6969,6969,6969,6969,6969,6969,6969,6969,6969,6969,6969,6969,6969,6969,6969,6969,6969,6969,6969,6969,6969,6969,6969,6969,6969,6969,6969,6969,6969,6969,6969,6969,6969,6969,6969,6969,6969,6969,6969,,
46,,,,,,,,,,,,,,,,,,,,,,,,,,,,,,,,,,6969,6969,6969,6969,47,6969,6969,6969,6969,6969,6969,6969,6969,6969,6969,6969,6969,6969,6969,6969,6969,6969,6969,6969,6969,6969,6969,6969,6969,6969,6969,6969,6969,6969,6969,6969,6969,6969,6969,6969,6969,6969,6969,6969,6969,6969,6969,6969,6969,6969,6969,6969,6969,,
47,,,,,,,,,,,,,,,,,,,,,,,,,,,,,,,,,,6969,6969,6969,6969,6969,6969,6969,6969,6969,6969,6969,6969,6969,6969,6969,6969,6969,6969,6969,6969,6969,6969,6969,6969,6969,6969,6969,6969,6969,6969,6969,6969,6969,6969,6969,6969,6969,6969,6969,6969,6969,6969,6969,6969,6969,6969,6969,6969,6969,6969,6969,6969,6969,,
48,,,,,,,,,,,,,,,,,,,,,,,,,,,,,,,,,,6969,6969,6969,6969,6969,6969,6969,6969,49,6969,6969,6969,6969,6969,6969,6969,6969,6969,6969,6969,6969,6969,6969,6969,6969,6969,6969,6969,6969,6969,6969,6969,6969,6969,6969,6969,6969,6969,6969,6969,6969,6969,6969,6969,6969,6969,6969,6969,6969,6969,6969,6969,6969,,
49,,,,,,,,,,,,,,,,,,,,,,,,,,,,,,,,,,6969,6969,6969,6969,6969,6969,6969,6969,6969,50,6969,6969,6969,6969,6969,6969,6969,6969,6969,6969,6969,6969,6969,6969,6969,6969,6969,6969,6969,6969,6969,6969,6969,6969,6969,6969,6969,6969,6969,6969,6969,6969,6969,6969,6969,6969,6969,6969,6969,6969,6969,6969,6969,,
50,,,,,,,,,,,,,,,,,,,,,,,,,,,,,,,,,,6969,6969,6969,6969,6969,6969,6969,6969,6969,6969,6969,6969,51,6969,6969,6969,6969,6969,6969,6969,6969,6969,6969,6969,6969,6969,6969,6969,6969,6969,6969,6969,6969,6969,6969,6969,6969,6969,6969,6969,6969,6969,6969,6969,6969,6969,6969,6969,6969,6969,6969,6969,6969,,
51,,,,,,,,,,,,,,,,,,,,,,,,,,,,,,,,,,6969,6969,6969,6969,6969,52,6969,6969,6969,6969,6969,6969,6969,6969,6969,6969,6969,6969,6969,6969,6969,6969,6969,6969,6969,6969,6969,6969,6969,6969,6969,6969,6969,6969,6969,6969,6969,6969,6969,6969,6969,6969,6969,6969,6969,6969,6969,6969,6969,6969,6969,6969,6969,,
52,,,,,,,,,,,,,,,,,,,,,,,,,,,,,,,,,,6969,6969,6969,6969,6969,6969,6969,6969,6969,6969,6969,6969,6969,6969,6969,6969,6969,6969,6969,6969,6969,6969,6969,6969,6969,6969,6969,6969,6969,6969,6969,6969,6969,6969,6969,6969,6969,6969,6969,6969,6969,6969,6969,6969,6969,6969,6969,6969,6969,6969,6969,6969,6969,,
56,,,86,85,,,,,,,,,,,,,,,,,,,,,,,,,,,,,,,,,,,,,,,,,,,,,,,,,,,,,,,,,,,,,,,,,,,,,,,,,,,,,,,,,,,,
57,,,,,67,,,,,,,,,,,,,,,,,,,,,,,,,,,,,,,,,,,,,,,,,,,,,,,,,,,,,,,,,,,,,,,,,,,,,,,,,,,,,,,,,,,
58,,,,,60,,,,,,,,,,,,,,,,,,,,,,,,,,,,,,,,,,,,,,,,,,,,,,,,,,,,,,,,,,,,,,,,,,,,,,,,,,,,,,,,,,,
59,,,,,61,,,,,,,,,,,,,,,,,,,,,,,,,,,,,,,,,,,,,,,,,,,,,,,,,,,,,,,,,,,,,,,,,,,,,,,,,,,,,,,,,,,
62,,,,,,,,64,,,,,,,,,,,,,,,,,,,,,,,,,,,,,,,,,,,,,,,,,,,,,,,,,,,,,,,,,,,,,,,,,,,,,,,,,,,,,,,,
63,,,,,,,,,65,,,,,,,,,,,,,,,,,,,,,,,,,,,,,,,,,,,,,,,,,,,,,,,,,,,,,,,,,,,,,,,,,,,,,,,,,,,,,,,
66,,,,,68,,,,,,,,,,,,,,,,,,,,,,,,,,,,,,,,,,,,,,,,,,,,,,,,,,,,,,,,,,,,,,,,,,,,,,,,,,,,,,,,,,,
77,,,,,,,,,,,,,,,,,,,78,,,,,,,,,,,,,,,,,,,,80,,,,,,,,,,,,,,,,,,,,,,,,,,80,,,,,,,,,,,,,,,,,,,,,,,
78,,,,,,,,,,,,,,,,,,,,,78,78,78,78,78,78,78,78,78,78,78,78,78,,,,,,80,,,,,,,,,,,,,,,,,,,,,,,,,,80,,,,,,,,,,,,,,,,,,,,,,,
79,,,,,,,,,,,,,,,,,,,,,79,79,79,79,79,79,79,79,79,79,79,79,79,,,,,,,,,,,,,,,,,,,,,,,,,,,,,,,,,,,,,,,,,,,,,,,,,,,,,,,
80,81,81,,,,,,,,,,,,,,,,,,,79,79,79,79,79,79,79,79,79,79,79,79,79,,,,,,,,,,,,,,,,,,,,,,,,,,,,,,,,,,,,,,,,,,,,,,,,,,,,,,,
81,,,,,,,,,,,,,,,,,,,,,79,79,79,79,79,79,79,79,79,79,79,79,79,,,,,,,,,,,,,,,,,,,,,,,,,,,,,,,,,,,,,,,,,,,,,,,,,,,,,,,
82,,,,,,,,,,,,,,,,,,,,,78,78,78,78,78,78,78,78,78,78,78,78,78,,,,,,,,,,,,,,,,,,,,,,,,,,,,,,,,,,,,,,,,,,,,,,,,,,,,,,,
83,83,83,83,,83,83,83,83,83,83,83,"83",83,83,83,83,83,83,83,"84",83,83,83,83,83,83,83,83,83,83,83,83,83,83,83,83,83,83,83,83,83,83,83,83,83,83,83,83,83,83,83,83,83,83,83,83,83,83,83,83,83,83,83,83,83,83,83,83,83,83,83,83,83,83,83,83,83,83,83,83,83,83,83,83,83,83,83,69420
85,85,85,85,85,85,85,85,85,85,85,85,"85",85,85,85,85,85,85,85,"85",85,85,85,85,85,85,85,85,85,85,85,85,85,85,85,85,85,85,85,85,85,85,85,85,85,85,85,85,85,85,85,85,85,85,85,85,85,85,85,85,85,85,85,85,85,85,85,85,85,85,85,85,85,85,85,85,85,85,85,85,85,85,85,85,85,85,85,
86,86,86,87,86,86,86,86,86,86,86,86,"86",86,86,86,86,86,86,86,"86",86,86,86,86,86,86,86,86,86,86,86,86,86,86,86,86,86,86,86,86,86,86,86,86,86,86,86,86,86,86,86,86,86,86,86,86,86,86,86,86,86,86,86,86,86,86,86,86,86,86,86,86,86,86,86,86,86,86,86,86,86,86,86,86,86,86,86,
87,86,86,86,88,86,86,86,86,86,86,86,"86",86,86,86,86,86,86,86,"86",86,86,86,86,86,86,86,86,86,86,86,86,86,86,86,86,86,86,86,86,86,86,86,86,86,86,86,86,86,86,86,86,86,86,86,86,86,86,86,86,86,86,86,86,86,86,86,86,86,86,86,86,86,86,86,86,86,86,86,86,86,86,86,86,86,86,86,86
89,,,,,,,,,,,,,,,,,,,,,,,,,,,,,,,,,,6969,6969,6969,6969,6969,6969,6969,6969,6969,6969,6969,6969,6969,6969,6969,6969,6969,6969,6969,6969,6969,6969,6969,6969,6969,6969,6969,6969,6969,6969,6969,6969,6969,6969,6969,6969,6969,6969,6969,6969,6969,6969,6969,6969,6969,6969,6969,6969,6969,6969,6969,6969,6969,,
90,,,,,,,,,,,,,,,,,,,,,,,,,,,,,,,,,,6969,6969,6969,6969,6969,6969,6969,6969,6969,6969,6969,6969,6969,6969,6969,91,6969,6969,6969,6969,6969,6969,6969,6969,6969,6969,6969,6969,6969,6969,6969,6969,6969,6969,6969,6969,6969,6969,6969,6969,6969,6969,6969,6969,6969,6969,6969,6969,6969,6969,6969,6969,6969,,
91,,,,,,,,,,,,,,,,,,,,,,,,,,,,,,,,,,6969,92,6969,6969,6969,6969,6969,6969,6969,6969,6969,6969,6969,6969,6969,6969,6969,6969,6969,6969,6969,6969,6969,6969,6969,6969,6969,6969,6969,6969,6969,6969,6969,6969,6969,6969,6969,6969,6969,6969,6969,6969,6969,6969,6969,6969,6969,6969,6969,6969,6969,6969,6969,,
92,,,,,,,,,,,,,,,,,,,,,,,,,,,,,,,,,,6969,6969,6969,6969,6969,6969,6969,6969,6969,6969,6969,6969,6969,6969,6969,6969,6969,6969,93,6969,6969,6969,6969,6969,6969,6969,6969,6969,6969,6969,6969,6969,6969,6969,6969,6969,6969,6969,6969,6969,6969,6969,6969,6969,6969,6969,6969,6969,6969,6969,6969,6969,6969,,
93,,,,,,,,,,,,,,,,,,,,,,,,,,,,,,,,,,6969,6969,6969,6969,6969,6969,6969,6969,6969,6969,6969,6969,6969,6969,6969,6969,6969,6969,6969,6969,6969,6969,6969,6969,6969,6969,6969,6969,6969,6969,6969,6969,6969,6969,6969,6969,6969,6969,6969,6969,6969,6969,6969,6969,6969,6969,6969,6969,6969,6969,6969,6969,6969,,
6969,,,,,,,,,,,,,,,,,,,69420,,,,,,,,,,,,,,,6969,6969,6969,6969,6969,6969,6969,6969,6969,6969,6969,6969,6969,6969,6969,6969,6969,6969,6969,6969,6969,6969,6969,6969,6969,6969,6969,6969,6969,6969,6969,6969,6969,6969,6969,6969,6969,6969,6969,6969,6969,6969,6969,6969,6969,6969,6969,6969,6969,6969,6969,6969,6969,,